LAG: 1
total_value : 0.22165667925505328
Fixed_Income : 0.6065410614473979
Deposits : 0.24473352035905652
Other_liabilities : 0.8725296745054609
Secured_Funding : 0.5575529629596171
Unsecured_Funding : 0.7660108861442105
Equities : 0.8466508039202927

LAG: 2
total_value : 0.09056034817861279
Fixed_Income : 0.5392082188677734
Deposits : 0.10342357710574175
Other_liabilities : 0.815889175829968
Secured_Funding : 0.38643626019118127
Unsecured_Funding : 0.7472445753671683
Equities : 0.6754208190537563

LAG: 3
total_value : 0.05431639782730815
Fixed_Income : 0.4312063487345548
Deposits : 0.06759760572938503
Other_liabilities : 0.76441076806328
Secured_Funding : 0.3174742082263347
Unsecured_Funding : 0.7219557319097841
Equities : 0.5171264176621064

LAG: 4
total_value : 0.03383350635876033
Fixed_Income : 0.470356460320671
Deposits : 0.049744868605776205
Other_liabilities : 0.705966423201107
Secured_Funding : 0.3317689221248908
Unsecured_Funding : 0.6584162024166125
Equities : 0.46707879133846597

